11000 -1 1 0 0 100 1 0 0 100 1000 1000 0 100 0 100 0 100 0 0
11001 -1 1 0 0 100 1 0 0 100 1000 1000 0 100 0 100 0 100 1 0
11002 -1 1 0 100 100 1 0 100 100 1000 1000 100 100 100 100 100 100 0 0
11003 -1 1 0 100 100 1 0 100 100 1000 1000 100 100 100 100 100 100 1 0
13000 -2 800 600 80 40 800 0 20 100 1000 1000 9 100 9 100 9 100 2 1 20 800 100 100 100 800 800 100 100
13001 -2 800 600 80 60 800 0 20 100 1000 1000 9 100 9 100 9 100 2 1 20 800 100 100 100 800 800 100 100
13002 -2 800 600 80 80 800 0 20 100 1000 1000 9 100 9 100 9 100 2 1 20 800 100 100 100 800 800 100 100
13003 -2 800 600 80 -30 800 0 20 100 1000 1000 9 100 9 100 9 100 2 1 20 800 100 100 100 800 800 100 100
13004 -2 800 600 80 100 800 0 20 100 1000 1000 9 100 9 100 9 100 2 1 20 800 100 100 40 800 800 100 100
13005 -2 800 600 80 100 800 0 20 100 1000 1000 9 100 9 100 9 100 2 1 20 800 100 100 60 800 800 100 100
13006 -2 800 600 80 100 800 0 20 100 1000 1000 9 100 9 100 9 100 2 1 20 800 100 100 80 800 800 100 100
13007 -2 800 600 80 100 800 0 20 100 1000 1000 9 100 9 100 9 100 2 1 20 800 100 100 -30 800 800 100 100
13008 -2 800 600 80 100 800 0 20 100 1000 1000 9 100 9 100 9 100 2 1 20 800 100 100 100 800 800 100 40
13009 -2 800 600 80 100 800 0 20 100 1000 1000 9 100 9 100 9 100 2 1 20 800 100 100 100 800 800 100 60
13010 -2 800 600 80 100 800 0 20 100 1000 1000 9 100 9 100 9 100 2 1 20 800 100 100 100 800 800 100 80
13011 -2 800 600 80 100 800 0 20 100 1000 1000 9 100 9 100 9 100 2 1 20 800 100 100 100 800 800 100 -30
13012 -2 800 600 80 100 800 0 20 100 1000 1000 9 40 9 100 9 100 2 1 20 800 100 100 100 800 800 100 100
13013 -2 800 600 80 100 800 0 20 100 1000 1000 9 60 9 100 9 100 2 1 20 800 100 100 100 800 800 100 100
13014 -2 800 600 80 100 800 0 20 100 1000 1000 9 80 9 100 9 100 2 1 20 800 100 100 100 800 800 100 100
13015 -2 800 600 80 100 800 0 20 100 1000 1000 9 -30 9 100 9 100 2 1 20 800 100 100 100 800 800 100 100
13016 -2 800 600 80 100 800 0 20 100 100 1000 9 40 9 100 9 100 2 1 20 800 100 100 100 800 800 100 100
13017 -2 800 600 80 100 800 0 20 100 100 1000 0 40 9 100 9 100 2 1 20 800 100 100 100 800 800 100 100
13018 -2 800 600 80 100 800 0 20 100 100 1000 9 60 9 100 9 100 2 1 20 800 100 100 100 800 800 100 100
13020 -2 800 600 80 100 800 0 20 100 100 1000 9 80 9 100 9 100 2 1 20 800 100 100 100 800 800 100 100
13022 -2 800 600 80 100 800 0 20 100 100 1000 9 -30 9 100 9 100 2 1 20 800 100 100 100 800 800 100 100
13024 -2 800 600 80 100 800 0 20 100 300 1000 9 40 9 100 9 100 2 1 20 800 100 100 100 800 800 100 100
13025 -2 800 600 80 100 800 0 20 100 300 1000 0 40 9 100 9 100 2 1 20 800 100 100 100 800 800 100 100
13026 -2 800 600 80 100 800 0 20 100 300 1000 9 60 9 100 9 100 2 1 20 800 100 100 100 800 800 100 100
13028 -2 800 600 80 100 800 0 20 100 300 1000 9 80 9 100 9 100 2 1 20 800 100 100 100 800 800 100 100
13030 -2 800 600 80 100 800 0 20 100 300 1000 9 -30 9 100 9 100 2 1 20 800 100 100 100 800 800 100 100
13032 -2 800 600 80 100 800 0 20 100 600 1000 9 40 9 100 9 100 2 1 20 800 100 100 100 800 800 100 100
13033 -2 800 600 80 100 800 0 20 100 600 1000 0 40 9 100 9 100 2 1 20 800 100 100 100 800 800 100 100
13034 -2 800 600 80 100 800 0 20 100 600 1000 9 60 9 100 9 100 2 1 20 800 100 100 100 800 800 100 100
13036 -2 800 600 80 100 800 0 20 100 600 1000 9 80 9 100 9 100 2 1 20 800 100 100 100 800 800 100 100
13038 -2 800 600 80 100 800 0 20 100 600 1000 9 -30 9 100 9 100 2 1 20 800 100 100 100 800 800 100 100
