11000 -1 1 0 0 100 1 0 0 100 1000 1000 0 100 0 100 0 100 0 0
11001 -1 1 0 0 100 1 0 0 100 1000 1000 0 100 0 100 0 100 1 0
11002 -1 1 0 100 100 1 0 100 100 1000 1000 100 100 100 100 100 100 0 0
11003 -1 1 0 100 100 1 0 100 100 1000 1000 100 100 100 100 100 100 1 0
12000 -2 700 600 80 40 700 0 15 100 1000 1000 8 100 8 100 8 100 2 1 20 700 150 100 100 700 800 100 100
12001 -2 700 600 80 60 700 0 15 100 1000 1000 8 100 8 100 8 100 2 1 20 700 150 100 100 700 800 100 100
12002 -2 700 600 80 80 700 0 15 100 1000 1000 8 100 8 100 8 100 2 1 20 700 150 100 100 700 800 100 100
12003 -2 700 600 80 -30 700 0 15 100 1000 1000 8 100 8 100 8 100 2 1 20 700 150 100 100 700 800 100 100
12004 -2 700 600 80 100 700 0 15 100 1000 1000 8 100 8 100 8 100 2 1 20 700 150 100 40 700 800 100 100
12005 -2 700 600 80 100 700 0 15 100 1000 1000 8 100 8 100 8 100 2 1 20 700 150 100 60 700 800 100 100
12006 -2 700 600 80 100 700 0 15 100 1000 1000 8 100 8 100 8 100 2 1 20 700 150 100 80 700 800 100 100
12007 -2 700 600 80 100 700 0 15 100 1000 1000 8 100 8 100 8 100 2 1 20 700 150 100 -30 700 800 100 100
12008 -2 700 600 80 100 700 0 15 100 1000 1000 8 100 8 100 8 100 2 1 20 700 150 100 100 700 800 100 40
12009 -2 700 600 80 100 700 0 15 100 1000 1000 8 100 8 100 8 100 2 1 20 700 150 100 100 700 800 100 60
12010 -2 700 600 80 100 700 0 15 100 1000 1000 8 100 8 100 8 100 2 1 20 700 150 100 100 700 800 100 80
12011 -2 700 600 80 100 700 0 15 100 1000 1000 8 100 8 100 8 100 2 1 20 700 150 100 100 700 800 100 -30
12012 -2 700 600 80 100 700 0 15 100 1000 1000 8 40 8 100 8 100 2 1 20 700 150 100 100 700 800 100 100
12013 -2 700 600 80 100 700 0 15 100 1000 1000 8 60 8 100 8 100 2 1 20 700 150 100 100 700 800 100 100
12014 -2 700 600 80 100 700 0 15 100 1000 1000 8 80 8 100 8 100 2 1 20 700 150 100 100 700 800 100 100
12015 -2 700 600 80 100 700 0 15 100 1000 1000 8 -30 8 100 8 100 2 1 20 700 150 100 100 700 800 100 100
12016 -2 700 600 80 100 700 0 15 100 100 1000 8 40 8 100 8 100 2 1 20 700 150 100 100 700 800 100 100
12017 -2 700 600 80 100 700 0 15 100 100 1000 0 40 8 100 8 100 2 1 20 700 150 100 100 700 800 100 100
12018 -2 700 600 80 100 700 0 15 100 100 1000 8 60 8 100 8 100 2 1 20 700 150 100 100 700 800 100 100
12020 -2 700 600 80 100 700 0 15 100 100 1000 8 80 8 100 8 100 2 1 20 700 150 100 100 700 800 100 100
12022 -2 700 600 80 100 700 0 15 100 100 1000 8 -30 8 100 8 100 2 1 20 700 150 100 100 700 800 100 100
12024 -2 700 600 80 100 700 0 15 100 300 1000 8 40 8 100 8 100 2 1 20 700 150 100 100 700 800 100 100
12025 -2 700 600 80 100 700 0 15 100 300 1000 0 40 8 100 8 100 2 1 20 700 150 100 100 700 800 100 100
12026 -2 700 600 80 100 700 0 15 100 300 1000 8 60 8 100 8 100 2 1 20 700 150 100 100 700 800 100 100
12028 -2 700 600 80 100 700 0 15 100 300 1000 8 80 8 100 8 100 2 1 20 700 150 100 100 700 800 100 100
12030 -2 700 600 80 100 700 0 15 100 300 1000 8 -30 8 100 8 100 2 1 20 700 150 100 100 700 800 100 100
12032 -2 700 600 80 100 700 0 15 100 600 1000 8 40 8 100 8 100 2 1 20 700 150 100 100 700 800 100 100
12033 -2 700 600 80 100 700 0 15 100 600 1000 0 40 8 100 8 100 2 1 20 700 150 100 100 700 800 100 100
12034 -2 700 600 80 100 700 0 15 100 600 1000 8 60 8 100 8 100 2 1 20 700 150 100 100 700 800 100 100
12036 -2 700 600 80 100 700 0 15 100 600 1000 8 80 8 100 8 100 2 1 20 700 150 100 100 700 800 100 100
12038 -2 700 600 80 100 700 0 15 100 600 1000 8 -30 8 100 8 100 2 1 20 700 150 100 100 700 800 100 100
